0.7078859806060791 0.4208354949951172 0.41295337677001953 0.5138916174570719 
0.9229347705841064 0.8987901210784912 0.8973388671875 0.9063545862833658 
1.336705207824707 1.3357069492340088 1.3371775150299072 1.3365298906962078 
1.824601411819458 1.8196179866790771 1.817702054977417 1.8206404844919841 
2.3766348361968994 2.3658220767974854 2.370818614959717 2.371091842651367 
2.924769401550293 2.9244887828826904 2.92338490486145 2.9242143630981445 
3.533250570297241 3.5340867042541504 3.5254456996917725 3.5309276580810547 
4.0062737464904785 3.9794397354125977 3.9617979526519775 3.982503811518351 
4.404722452163696 4.3882155418396 4.4195404052734375 4.404159466425578 
4.9035162925720215 4.849713563919067 4.871550559997559 4.874926805496216 
